2.730375427	1.001197127
9.556313993	1.000718276
19.79522184	0.999760575
29.01023891	0.999042298
39.24914676	0.998324022
49.48805461	0.995690343
59.38566553	0.993535515
68.94197952	0.989704709
80.20477816	0.98754988
89.41979522	0.984197925
100.6825939	0.983479649
109.8976109	0.978691141
118.7713311	0.975818037
129.3515358	0.974142059
139.5904437	0.971747805
150.1706485	0.968635275
159.7269625	0.961931365
169.2832765	0.956664006
179.8634812	0.953790902
190.1023891	0.947805267
200	0.940622506
209.556314	0.935594573
220.8191126	0.928172386
229.6928328	0.922665603
239.2491468	0.912370311
249.8293515	0.90207502
259.7269625	0.893695132
269.9658703	0.878611333
279.5221843	0.866400638
290.1023891	0.856105347
299.6587031	0.844612929
310.2389078	0.824980048
319.4539249	0.806544294
330.3754266	0.790502793
339.9317406	0.777573823
349.8293515	0.756743815
360.0682594	0.749561053
369.9658703	0.738308061
380.2047782	0.732322426
390.1023891	0.727055068
399.3174061	0.727294493
410.9215017	0.726815642
419.112628	0.726336792
430.7167235	0.726336792
439.5904437	0.726336792
450.1706485	0.726576217
459.7269625	0.727055068
469.6245734	0.726576217
480.2047782	0.726815642
490.1023891	0.726815642

