1.043737575	296.3949843
10.08946322	299.2163009
21.22266402	314.2633229
30.96421471	331.1912226
41.40159046	340.5956113
50.4473161	354.7021944
61.5805169	371.630094
72.01789264	376.8025078
81.06361829	381.5047022
90.80516899	387.1473354
100.8946322	392.3197492
111.332008	402.6645768
121.0735586	418.6520376
130.4671968	431.3479624
141.2524851	452.507837
150.9940358	469.4357367
161.083499	486.3636364
170.4771372	513.6363636
180.9145129	533.3855799
190.3081511	562.539185
200.7455268	580.8777429
210.139165	597.8056426
220.9244533	624.137931
231.0139165	640.1253918
240.4075547	653.7617555
250.4970179	664.1065831
260.9343936	672.5705329
271.0238569	682.9153605
280.417495	723.8244514
291.2027833	777.8996865
301.2922465	803.2915361
310.6858847	801.4106583
320.4274354	799.5297806
331.2127237	804.2319749
340.9542744	810.3448276
350.3479125	814.5768025
361.1332008	816.9278997
370.526839	816.4576803
380.2683897	814.1065831
390.0099404	811.7554859
400.4473161	807.9937304

