1.467505241	388.1229236
8.805031447	502.8654485
21.278826	529.0282392
30.45073375	558.1810631
40.35639413	585.4651163
50.26205451	607.8903654
60.53459119	617.2342193
71.17400419	623.2142857
80.34591195	632.9318937
90.61844864	644.1445183
100.524109	653.1146179
111.163522	658.7209302
120.7023061	666.1960133
129.8742138	671.4285714
140.5136268	689.7425249
150.7861635	706.1877076
159.9580713	723.3803987
170.5974843	742.0681063
179.769392	746.179402
190.7756813	751.4119601
201.048218	755.1495017
210.5870021	757.7657807
220.8595388	759.2607973
230.7651992	761.1295681
239.9371069	761.8770764
250.9433962	763.7458472
260.115304	764.4933555
270.0209644	765.2408638
280.293501	765.2408638
290.1991614	765.6146179
300.8385744	766.7358804
310.3773585	768.230897
320.6498952	770.4734219
330.5555556	774.5847176
340.0943396	782.0598007
350.7337526	779.4435216
358.8050314	774.9584718
369.8113208	772.7159468
379.7169811	767.4833887
390.3563941	765.2408638
400.6289308	770.4734219

