18.70027397	0.984867716
29.66148941	0.97933619
40.42520548	0.969787201
50.79392279	0.959855509
61.1626401	0.947970723
72.02510585	0.936325215
82.88757161	0.925078502
94.07920299	0.909724863
104.6125031	0.890798817
115.5737186	0.871594859
126.3374346	0.848274638
136.5415691	0.825690464
149.3762391	0.784909667
159.2500125	0.748573985
163.6154421	0.720338733
170.7747945	0.688504485
175.712279	0.667439639
181.1435118	0.64078471
187.0684932	0.614013924
191.0196762	0.597920293
196.4497136	0.56809256
201.0909489	0.538627581
207.3121793	0.509172431
211.2621669	0.481709139
217.6808966	0.449760789
222.1246326	0.428711742
226.5683686	0.405155978
231.5058531	0.383701433
237.9245828	0.351440621
243.8495641	0.329047637
249.7745455	0.303153224
255.2057783	0.287930111
261.436812	0.260351574
272.5206874	0.246727915
284.1394371	0.227658321
295.3969016	0.218036953
306.061868	0.212215874
316.9243337	0.21070112
327.7867995	0.208790922
338.6492653	0.208138616
348.5242341	0.20713765
358.8929514	0.200978377
370.8134496	0.20048467
383.0866252	0.196692998
393.9490909	0.196692998
400.8615691	0.196692998

