0.349825087	295.4330709
9.445277361	295.4330709
19.94002999	301.1023622
30.43478261	309.6062992
40.57971014	316.2204724
50.37481259	331.3385827
59.12043978	354.9606299
69.6151924	368.1889764
79.41029485	376.6929134
89.90504748	379.0551181
100.049975	380.4724409
109.8450775	382.8346457
119.990005	384.7244094
129.4352824	389.4488189
140.2798601	395.1181102
149.3753123	401.2598425
159.5202399	420.6299213
169.3153423	441.8897638
180.15992	487.7165354
189.9550225	516.5354331
199.7501249	540.6299213
209.5452274	570.8661417
219.6901549	594.015748
230.1849075	617.1653543
239.98001	653.5433071
249.7751124	665.3543307
259.92004	672.9133858
270.0649675	677.1653543
279.5102449	697.007874
289.6551724	764.5669291
299.4502749	806.1417323
309.2453773	800.9448819
320.089955	798.5826772
329.5352324	799.0551181
339.6801599	802.8346457
350.8745627	810.3937008
360.6696652	812.2834646
369.0654673	812.2834646
379.5602199	812.2834646
390.0549725	808.503937
398.4507746	806.6141732

