0.00E+00	1
30.03412969	0.993535515
19.11262799	0.99688747
9.215017065	0.998802873
40.27303754	0.991141261
49.14675768	0.986352753
60.06825939	0.972466081
68.94197952	0.956664006
79.86348123	0.944692737
89.41979522	0.928411812
100.3412969	0.917877095
109.8976109	0.904948125
120.1365188	0.894892259
130.3754266	0.887230646
139.9317406	0.873822825
149.4880546	0.861372706
159.7269625	0.852753392
169.9658703	0.839106145
190.443686	0.807741421
179.5221843	0.824501197
200.6825939	0.797685555
210.2389078	0.785235435
219.7952218	0.779968077
230.7167235	0.774700718
240.2730375	0.773264166
249.8293515	0.771348763
258.0204778	0.771348763
268.9419795	0.770869912
280.5460751	0.768954509
289.4197952	0.767517957
298.9761092	0.767517957
310.5802048	0.767039106
320.1365188	0.767039106
329.6928328	0.767517957
340.9556314	0.767517957
350.1706485	0.767039106
359.7269625	0.767039106
369.9658703	0.767039106
379.8634812	0.767039106

