3.412969283	1.000718276
29.35153584	0.975339186
18.43003413	0.993056664
39.93174061	0.955227454
49.48805461	0.938946528
60.06825939	0.922426177
69.62457338	0.907342378
79.5221843	0.898723065
89.41979522	0.891061453
100	0.881245012
109.8976109	0.869513168
119.7952218	0.85802075
129.6928328	0.84820431
139.5904437	0.837190742
150.1706485	0.831205108
159.0443686	0.819233839
169.9658703	0.809656824
179.5221843	0.805826018
189.0784983	0.805826018
200	0.806065443
209.8976109	0.806304868
220.1365188	0.805826018
230.3754266	0.805826018
240.2730375	0.805826018
249.8293515	0.805826018
260.0682594	0.805826018
269.6245734	0.805826018
279.8634812	0.805826018

