2.04778157	0.999760575
9.556313993	0.984197925
19.79522184	0.959537111
29.69283276	0.93990423
40.27303754	0.919792498
49.82935154	0.901835595
60.06825939	0.888188348
70.30716724	0.877174781
79.5221843	0.868316042
89.41979522	0.859696728
100	0.852274541
110.9215017	0.844852354
120.1365188	0.838387869
129.6928328	0.832881085
139.9317406	0.82952913
149.8293515	0.827853152
158.7030717	0.826895451
169.9658703	0.825698324
180.2047782	0.825458899
190.1023891	0.824980048
199.6587031	0.824980048
209.8976109	0.824980048
219.7952218	0.824980048
230.3754266	0.825458899
239.5904437	0.825458899

