0.114564507	0.999122374
4.460398167	0.999107139
8.573093558	0.979811389
12.57723833	0.985932321
16.91144514	0.935084523
21.12106431	0.839539529
25.21611898	0.743118512
29.30997086	0.641438954
33.51738494	0.536253302
37.61444423	0.44859652
41.94263716	0.371456018
46.04310432	0.298698435
50.37510604	0.238209979
54.48158709	0.191745101
58.70483773	0.155796904
62.70316908	0.136501555
67.04779996	0.131227779
71.16390322	0.126831228
75.39437052	0.122434276
79.62503829	0.118913748
83.74094108	0.113640774
87.97140839	0.109243822
92.20227662	0.106599717
96.43254346	0.101326342
100.6630108	0.096929391
104.7789136	0.091656416
108.8956182	0.089889136
113.3548136	0.085491383
117.4711173	0.081971255
121.3584925	0.077575506
125.7037248	0.074931001
130.0487566	0.071410072
134.1646594	0.066137097
138.5098916	0.063492592
142.5116309	0.059096442
146.7422986	0.055575914
151.0873304	0.052054985
155.0898715	0.051164529
159.3203388	0.046767577
163.6655711	0.044123071
167.8960384	0.03972612
172.0125426	0.037082416
176.0146827	0.034439113
180.359915	0.031794607
184.5907832	0.029150503
188.5929233	0.0265072
192.8233906	0.022110248
197.0546598	0.02121899
201.1707631	0.01682244
205.4018317	0.015054758
209.6329004	0.013287077
213.9781327	0.010642572
217.8663097	0.009752517
222.3261065	0.007984034
226.4430116	0.007093177
230.4451518	0.004449874
234.9049485	0.002681391
239.0216532	0.00091411
243.2531228	0.000899276
247.4845924	0.000884442
251.8304261	0.000869207
255.8327667	0.000897673
260.1786004	0.000912908
264.41007	0.000927742
268.412611	0.001818198

