2.047130582	1137.760703
3.076389828	1314.489572
5.085755382	1330.954995
6.20579345	1436.333699
8.302888073	1484.632272
11.28658487	1536.22393
12.32405249	1435.236004
13.29961662	1428.649835
14.33010874	1563.666301
15.43022608	1343.029638
16.42999357	1517.563117
17.43816409	1407.793633
18.47050553	1480.241493
19.51004959	1309.001098
20.56912503	1476.948408
21.63030936	1573.545554
22.63984254	1417.672887
23.73496347	1366.081229
24.68025717	1383.644347
25.71331239	1431.94292
26.80752489	1411.086718
27.8132621	1383.644347
28.84647954	1426.454446
29.90974028	1452.799122
30.88874349	1329.8573
31.88802431	1520.856202
32.89606506	1415.477497
33.99186732	1340.834248
35.02557142	1367.178924
36.02611757	1515.367728
37.06511007	1362.788145
38.0693224	1386.937431
41.14279225	1401.207464
43.18197401	1408.891328
44.15682436	1426.454446
45.22242109	1373.765093
46.19341059	1521.953897
48.38400934	1406.695939
52.52482791	1309.001098
53.56018666	1279.363337
54.56358789	1330.954995
55.59703244	1366.081229
56.66587359	1203.622393
57.7625194	1100.439078
59.82668318	1262.897914

