0.016157203	852.3600439
2.072307268	1285.949506
3.165319332	1305.708013
4.19801766	1366.081229
5.262543732	1349.615807
6.267340064	1354.006586
7.390557661	1351.811196
8.394542889	1383.644347
9.42850654	1401.207464
10.43291354	1418.770582
11.52793714	1370.472009
12.5619008	1388.035126
13.59625378	1392.425906
14.65983897	1407.793633
15.72391082	1406.695939
16.7301347	1362.788145
17.79316834	1396.816685
18.76724003	1440.724479
19.80207967	1428.649835
20.86663819	1411.086718
21.8712723	1420.965971
22.87642552	1413.282108
23.85160031	1419.868277
24.97374725	1453.896817
25.94882471	1463.77607
27.0729183	1431.94292
28.01970443	1399.012075
29.08325718	1415.477497
30.17656124	1425.356751
31.15235247	1411.086718
32.24435877	1464.873765
33.25080975	1413.282108
34.31445983	1426.454446
35.34822882	1450.603732
36.50256039	1395.71899
37.47604808	1459.385291
38.39321268	1428.649835
39.36880924	1420.965971
40.4925135	1402.305159
41.58513624	1435.236004
42.56193324	1386.937431
43.50612384	1441.822173
44.57045525	1431.94292
45.606106	1392.425906
46.67163784	1341.931943
47.64888906	1278.265642
48.68411803	1253.018661
49.72032033	1194.840834
50.78491129	1176.180022
54.86295037	1202.524698
58.91000525	1277.167947
63.04926649	1232.162459
67.15991197	1155.32382

