2.013019529	0.079659884
3.034551828	0.066995318
5.077616425	0.199521732
6.159238858	0.335032519
8.202303455	0.278430117
9.253880821	0.291826422
11.23685528	0.310429158
12.37856785	0.291807033
13.34001002	0.287705758
14.30145218	0.321951468
15.35302954	0.264238316
16.40460691	0.323799922
17.48622934	0.276511006
18.44767151	0.29921539
19.52929394	0.239268247
20.4907361	0.276120062
21.57235854	0.318927945
22.65398097	0.264193013
23.6454682	0.246316422
24.72709064	0.245565109
25.778668	0.255238405
26.74011017	0.250392528
27.8217326	0.241822898
28.8432649	0.25559169
29.83475213	0.251490229
30.79619429	0.216487986
31.87781673	0.26450808
32.92939409	0.232111384
33.95092639	0.222425224
34.97245869	0.222418885
35.96394592	0.256292108
36.98547822	0.209003565
38.00701052	0.204901917
39.08863295	0.197076889
41.10165248	0.18887378
42.18327491	0.181421052
43.11467201	0.172480053
44.10615924	0.1721016
45.1577366	0.15161853
46.20931397	0.164642533
48.34251377	0.130377622
52.51877817	0.103546049
53.5102654	0.07785114
54.5317977	0.001895434
55.58337506	0.001888909
56.6649975	0.002254499
59.69954932	0.002235669
63.93590386	0.001837082
65.64847271	0.002571057
67.99198798	0.001811914

