2.1331998	0.038706049
0.180270406	0.002604987
3.094641963	0.06476114
4.116174261	0.094538867
5.197796695	0.100116668
6.189283926	0.108301134
7.210816224	0.106433291
8.232348523	0.110522261
9.283925889	0.113121842
10.27541312	0.120934007
11.26690035	0.122044757
12.31847772	0.13022885
13.37005508	0.128360821
14.39158738	0.128726783
15.44316475	0.132815567
16.52478718	0.129830449
17.45618428	0.140993695
18.50776164	0.138381064
19.43915874	0.139119886
20.52078117	0.138368573
21.57235854	0.130543731
22.6239359	0.136121718
23.61542313	0.13350946
24.63695543	0.129407812
25.5983976	0.126051139
26.68002003	0.125672127
27.67150726	0.12789978
28.78317476	0.123052971
29.77466199	0.127514429
30.76614922	0.117456154
31.87781673	0.120799964
32.86930396	0.120421511
33.89083625	0.117436766
34.91236855	0.107750606
35.96394592	0.107744081
36.95543315	0.102898018
37.97696545	0.098051769
38.99849775	0.095811625
40.08012018	0.092826507
41.13169755	0.087607771
42.15322984	0.081272318
43.17476214	0.074192264
44.25638458	0.074185552
45.30796194	0.067849913
46.29944917	0.059280842
47.32098147	0.051828487
48.34251377	0.048843742
49.36404607	0.04288059
53.57035553	0.022377945
57.68652979	0.001875859

