9.269831289639953 1.0006624183600392
27.579109395552166 1.0001372569488745
46.064438252482745 1.0001543335176313
64.54976710941332 0.9999054344730169
83.03509596634393 1.0000347975363344
101.52042482327451 1.0001372569488745
120.00575368020509 1.0001372569488745
138.49108253713567 0.9981933742054024
156.229071758225 0.9911316161294411
170.7963953490096 0.9843627314519464
186.02478531210002 0.9760080652956437
204.51011416903063 0.9648912190350255
222.99544302596124 0.9532535201782685
239.96077448583017 0.9410525470090834
253.80432445417884 0.930738081521606
272.2896533111094 0.9174866641663991
290.7749821680401 0.903722949748491
309.26031102497063 0.8903178432744738
327.7456398819012 0.8779885606321294
345.64047506417273 0.8673666663659471
364.7162975957624 0.8584358894056966
383.20162645269295 0.8519638698469036
401.6869553096236 0.8471995071637816
420.17228416655416 0.8441940310626006
438.6576130234847 0.8422985319306059
457.1429418804154 0.8415471629053106
475.62827073734593 0.8405646921133655
494.1135995942765 0.8396345872045592
512.5989284512071 0.8393613621044518
531.0842573081377 0.8387636821979669
549.5695861650682 0.8387466056292102
568.0549150219989 0.8380464663101851
586.5402438789295 0.8380464663101851
605.02557273586 0.8379781600351582
623.5109015927907 0.8373292504224032
641.9962304497212 0.8373292504224032
660.4815593066518 0.8373292504224032
678.9668881635824 0.8373292504224032
697.452217020513 0.8367144939471618
715.9375458774435 0.8366120345346215
734.4228747343742 0.8366120345346215
752.9082035913048 0.8366120345346215
771.3935324482353 0.8366120345346215
789.8788613051659 0.8366120345346215

