2.981236774320678 0.9983929427823476
20.586311876159243 0.9995572980099675
39.07164073308991 1.0000695950726688
57.55696959002057 0.9972775760809468
76.04229844695101 0.9830739367250682
93.20724667124364 0.9552891396029901
105.67977803843905 0.9314557803570133
117.71797179806867 0.90061274595092
129.7377775075588 0.8647859125513307
138.98044193602414 0.8353148597079326
147.78297948694353 0.8056938435425438
156.58551703786293 0.7746383956015914
164.94792771123616 0.7439096793428506
172.8702115070637 0.7145835185979943
181.23262218043692 0.6830499267318539
190.03515973135632 0.650201439071447
198.83769728227549 0.6175681161773746
207.64023483319488 0.586082338703753
216.44277238411428 0.555959271416917
225.6854368125796 0.5256079990748775
235.36822811859065 0.49607174478713567
245.93127317969402 0.46627970021773735
257.81469887343496 0.4361842181573544
276.51863107582767 0.39483396370408763
267.0573633019003 0.4148214306427105
288.1834534241066 0.37237087824708326
305.78852852594537 0.3428949230394488
324.2738573828758 0.3160164038163875
342.75918623980647 0.2928264234447757
361.24451509673713 0.27295080130963345
379.72984395366757 0.2609509672641104
398.21517281059823 0.24945193880273275
416.70050166752867 0.24292868953766988
435.18583052445933 0.23906938499865327
453.67115938139 0.23643959341011955
473.66942437988473 0.23380283754827746
489.0573603360856 0.2336013076127984
509.12714595218154 0.22950650649489568
527.6124748091122 0.22773054334419784
546.0978036660429 0.22612534588106725
564.5831325229733 0.22479337351804385
583.068461379904 0.22356386056756072
601.5537902368344 0.22264172585469844
620.0391190937651 0.22165128486680907
638.5244479506957 0.2207633032914602
657.0097768076262 0.2199436279911382
675.4951056645568 0.21926056524087
693.9804345214873 0.21850919621557463
712.4657633784179 0.21830427739049407
730.9510922353486 0.2172796832650914
749.436421092279 0.21707476444001095
767.9217499492097 0.2168698456149305
786.4070788061401 0.215125458006462
798.7306313774272 0.21549679282706768

