15.2555568242651 1.0000733540657913
33.74088568119569 1.0001372569488745
52.22621453812627 1.0000689506738478
70.01101800101131 0.9972466449375383
89.19687225198746 0.9920696805345871
102.20931906638995 0.986218107167762
118.13521445063472 0.9794921347054008
141.21186687105617 0.9680581463317244
154.77577700633643 0.9605409631442537
171.50059835308318 0.9507262052513348
191.30630784265165 0.9351448407648816
211.759262740376 0.9167292681168369
228.7170924340588 0.8979339929399663
245.88204065835149 0.8783779063997823
262.60686200509815 0.858319768738151
278.8915564742989 0.8384819188134812
294.73612406595373 0.8181181105711048
310.1405647800625 0.7981692629495164
326.42525924926326 0.7781589396804038
339.7491001786094 0.7625089854205531
358.89558998207156 0.741858826395091
347.650407577063 0.7542786470717873
373.24798783742267 0.7288917252350839
387.4428490908632 0.7180758087175911
406.52835096262925 0.7071993927829908
432.4958367378413 0.6988122135689634
460.6639569007831 0.6947437676968025
474.2198647291988 0.6930044386190789
491.9129652065467 0.6920706201500932
520.0810853694885 0.6899214628196915
550.0097130426143 0.6882081137544349
579.058086960648 0.6867736819788712
608.9867146337738 0.6856380901565502
638.0350885518076 0.6846220343155258
667.5235893473873 0.683802861267226
697.012090142967 0.6830879892222148
726.0604640610007 0.6823110053437844
755.9890917341265 0.6818328614185967
785.4775925297063 0.681355889414794
800.0017794887232 0.6806175789420774

