2.167920274	1051.04281
3.172294831	1069.703622
4.168136568	1377.058178
5.171862242	1417.672887
6.175425695	1463.77607
7.239302883	1469.264544
8.243612552	1490.120746
9.277900645	1496.706915
10.28308631	1487.925357
11.31646596	1525.246981
12.32197607	1505.488474
13.41586412	1495.609221
14.45174198	1448.408342
15.48615985	1450.603732
16.51996128	1473.655324
17.55519026	1448.408342
18.55937015	1473.655324
19.56523714	1441.822173
20.5687357	1490.120746
21.57521913	1437.431394
22.6676472	1476.948408
23.64434687	1431.94292
24.67811586	1456.092206
25.68401529	1423.161361
26.7190496	1404.500549
27.78114236	1470.362239
28.81653356	1439.626784
29.82123255	1447.310648
30.85590998	1440.724479
31.86090097	1438.529089
32.89551351	1434.13831
33.90095873	1416.575192
34.96613368	1378.155873
36.02858332	1431.94292
37.03386632	1419.868277
38.03901954	1412.184413
39.04514608	1371.569704
40.08147816	1309.001098
41.17484711	1316.684962
42.18090876	1278.265642
43.24527261	1267.288694
44.3097338	1253.018661
45.34389211	1263.995609
46.34995377	1225.57629
47.3572483	1145.444566
48.39137417	1157.51921
49.45606247	1135.565313
53.56430707	1139.956092
57.73078899	1173.984632
61.86813603	1193.743139
65.94799198	1158.616905

