2.28394067	1125.686059
3.285005921	1256.311745
4.288991148	1288.144896
5.41084609	1332.052689
6.388032423	1270.581778
7.421120081	1317.782656
8.513872592	1346.322722
9.460593837	1315.587267
10.55435212	1310.098793
11.5292998	1324.368825
12.5058048	1285.949506
13.6572164	1329.8573
14.60322387	1323.271131
15.63877729	1287.047201
16.70284914	1285.949506
17.7069317	1314.489572
18.74222556	1287.047201
19.80623253	1288.144896
20.84110462	1274.972558
21.90660401	1225.57629
22.940957	1229.967069
23.91574246	1249.725576
24.92031168	1261.80022
26.01423218	1250.823271
27.04913671	1236.553238
28.14315455	1222.283205
29.23580973	1254.116356
30.32989245	1237.650933
31.21613774	1253.018661
32.28141002	1211.306257
33.28627124	1213.501647
34.40991062	1197.036224
35.44400404	1210.208562
36.41904906	1221.18551
37.45398604	1205.817783
38.51815522	1201.427003
39.55208643	1220.087816
40.5577912	1193.743139
41.56346352	1168.496158
42.65735158	1158.616905
43.78047185	1159.714599
47.91447713	1292.535675
51.99550107	1217.892426
56.22047985	1272.777168
60.35912466	1248.627881
64.43761795	1259.60483
68.48736569	1243.139407

