1.135903273	967.6180022
2.13732541	1086.169045
3.136444009	1282.656422
4.166709024	1425.356751
5.229677775	1461.580681
6.293165633	1480.241493
7.267496877	1515.367728
8.331146956	1528.540066
9.306711079	1521.953897
10.39943115	1551.591658
11.37626059	1502.19539
12.43922934	1538.419319
13.47549653	1478.046103
14.53794618	1531.83315
15.60211536	1527.442371
16.637539	1495.609221
17.6414269	1530.735456
18.64771566	1484.632272
19.68171176	1501.097695
20.77530781	1501.097695
21.78052592	1491.218441
22.81426246	1516.465423
23.87843165	1512.074643
24.91404995	1473.655324
25.94911671	1453.896817
27.01244234	1478.046103
28.04809309	1438.529089
29.02268389	1464.873765
30.11494974	1509.879254
31.12068695	1482.436883
32.15559148	1468.16685
33.18919825	1497.80461
34.25401632	1471.459934
35.2875582	1503.293085
36.32343606	1456.092206
37.41674012	1465.97146
38.39324512	1427.552141
39.39654902	1482.436883
40.4615942	1448.408342
41.52608783	1433.040615
42.47212774	1425.356751
43.56640513	1402.305159
44.54297502	1361.69045
45.6356302	1393.5236
46.67118362	1357.299671
47.70822947	1270.581778
48.74235534	1282.656422
49.83585407	1285.949506
51.87928601	1149.835346
53.9776784	1154.226125
56.04654659	1157.51921
58.17355475	1193.743139
60.24148205	1228.869374
62.25149649	1223.3809
64.29142446	1205.817783

