0	0.051377513
1.051577366	0.080410452
2.103154732	0.171989928
3.094641963	0.224850492
4.266399599	0.221864815
5.197796695	0.205850101
6.279419129	0.205098787
7.451176765	0.204346915
8.292438658	0.209553906
9.434151227	0.217365139
10.45568353	0.224804817
11.56735103	0.210650488
12.55883826	0.215856547
13.61041562	0.217711526
14.63194792	0.21882209
15.62343515	0.211742222
16.67501252	0.201683575
17.75663495	0.206144474
18.74812218	0.206882923
19.82974462	0.201291699
20.91136705	0.191232866
21.78267401	0.194950467
22.80420631	0.193827226
23.91587381	0.18525741
24.90736104	0.192697274
25.89884827	0.188595813
27.04056084	0.187471826
28.002003	0.173318429
29.08362544	0.181130035
30.1352028	0.16325307
31.18678017	0.168458757
32.20831247	0.181855248
33.1997997	0.162861754
34.221332	0.159877008
35.3329995	0.160242411
36.32448673	0.148694934
37.40610916	0.159112645
38.36755133	0.142725443
39.41912869	0.136017504
40.44066099	0.131543555
41.46219329	0.140844737
42.48372559	0.124829463
43.53530295	0.122589133
44.52679019	0.11774307
45.54832248	0.111407618
46.56985478	0.099859954
47.56134201	0.093524688
48.64296445	0.083465854
49.69454181	0.074151809
50.65598398	0.067072127
54.86229344	0.042101872
58.8883325	0.017132736
62.97446169	0.001098446
67.15072609	0.001072532

