1.051577366	0.037223557
0.030045068	0.000744415
2.073109664	0.080404113
3.184777166	0.126190216
4.206309464	0.117993259
5.197796695	0.128039229
6.219328993	0.119097671
7.240861292	0.128398853
8.292438658	0.130253832
9.313970956	0.134342802
10.39559339	0.138059099
11.32699049	0.133958011
12.40861292	0.14772643
13.46019029	0.136178579
14.51176765	0.14324577
15.56334502	0.143983846
16.58487732	0.137276093
17.63645468	0.146577088
18.62794191	0.13465731
19.73960941	0.139862623
20.73109664	0.13911187
21.84276415	0.134637362
22.77416124	0.131653176
23.85578368	0.133135668
24.87731597	0.132012427
25.92889334	0.121209178
26.98047071	0.122691856
27.97195794	0.120079598
29.05358037	0.120072887
30.0450676	0.124906645
31.09664497	0.118198705
32.11817727	0.117075464
33.16975463	0.121536549
34.221332	0.120785422
35.27290936	0.108120669
36.32448673	0.108486445
37.31597396	0.105129586
38.27741612	0.097305303
39.35903856	0.100649299
40.44066099	0.096174977
41.46219329	0.086488817
42.45368052	0.087599568
43.56534802	0.077168247
44.61692539	0.078650925
45.57836755	0.072315845
46.69003505	0.063373728
47.65147722	0.056666347
48.70305458	0.056287521
49.72458688	0.055536581
51.88783175	0.040258825
53.93089634	0.034661635
55.97396094	0.026086039
58.10716074	0.017509884
60.18027041	0.001860386
62.25338007	0.001847522
64.1762644	0.001463289

