2.04778157	1.001197127
20.4778157	0.998802873
28.66894198	0.99688747
11.94539249	0.999760575
39.24914676	0.995929769
50.17064846	0.995690343
59.38566553	0.994493216
68.94197952	0.992577813
79.5221843	0.991141261
88.73720137	0.989225858
99.65870307	0.987789306
110.2389078	0.986592179
119.7952218	0.9839585
129.0102389	0.982521947
139.9317406	0.98084597
150.5119454	0.979888268
159.0443686	0.977972865
169.9658703	0.975339186
179.5221843	0.97150838
189.7610922	0.969114126
200	0.965762171
209.556314	0.963128492
220.4778157	0.960494812
230.0341297	0.956185156
239.5904437	0.9528332
250.1706485	0.948762969
260.0682594	0.946368715
270.3071672	0.941101357
280.5460751	0.937031125
289.4197952	0.933439745
299.3174061	0.930806065
309.8976109	0.926017558
319.4539249	0.922665603
329.6928328	0.919313647
339.2491468	0.91500399
349.8293515	0.909257781
360.0682594	0.904469274
369.2832765	0.900159617
379.5221843	0.895131684
390.443686	0.890103751
400	0.884118117
410.2389078	0.87669593
419.7952218	0.870949721
429.6928328	0.865203512
439.5904437	0.858260176
449.4880546	0.852753392
459.0443686	0.846049481
470.3071672	0.840542698
479.8634812	0.835514765
489.7610922	0.82952913
499.6587031	0.82330407
510.2389078	0.819473264
519.4539249	0.815403033
529.6928328	0.813727055
540.2730375	0.813008779
550.1706485	0.812529928
559.7269625	0.812529928
569.9658703	0.812051077
578.8395904	0.812051077
590.1023891	0.812051077
599.6587031	0.812290503
610.2389078	0.812051077
619.4539249	0.812290503
630.0341297	0.812051077
639.5904437	0.812051077
649.8293515	0.812051077
660.0682594	0.812529928
670.3071672	0.812051077
679.1808874	0.812051077

