2.04778157	0.999760575
18.43003413	0.998324022
68.94197952	0.986352753
79.18088737	0.979648843
60.06825939	0.99066241
49.82935154	0.993535515
39.24914676	0.995929769
30.03412969	0.998084597
90.10238908	0.973902634
101.0238908	0.966241022
109.2150171	0.959537111
119.4539249	0.954269753
129.6928328	0.949481245
139.9317406	0.943256185
148.8054608	0.937509976
160.4095563	0.931763767
169.9658703	0.925059856
180.2047782	0.918834796
190.443686	0.912609737
199.3174061	0.904469274
209.556314	0.896807662
219.7952218	0.8896249
230.0341297	0.884357542
239.5904437	0.879569034
249.8293515	0.872865124
260.0682594	0.869034318
270.9897611	0.862330407
279.8634812	0.857063049
289.4197952	0.852274541
300.3412969	0.846049481
310.2389078	0.839824421
320.1365188	0.835035914
330.3754266	0.829768555
339.9317406	0.8264166
350.1706485	0.824501197
360.4095563	0.822106943
370.6484642	0.821628093
379.5221843	0.821628093
389.7610922	0.821149242
400	0.82019154
408.8737201	0.820670391
419.112628	0.82019154
430.0341297	0.81971269
439.5904437	0.82019154
449.1467577	0.82019154
458.7030717	0.82019154

