2.448775612	279.3700787
10.49475262	279.3700787
20.28985507	279.8425197
29.38530735	280.7874016
40.57971014	288.8188976
49.32533733	291.6535433
59.82008996	297.3228346
69.6151924	302.0472441
79.41029485	311.496063
89.90504748	321.8897638
100.049975	329.4488189
109.8450775	341.2598425
119.990005	350.7086614
129.7851074	363.4645669
139.5802099	370.0787402
149.3753123	370.5511811
159.870065	374.8031496
169.6651674	375.7480315
179.4602699	376.2204724
190.6546727	375.7480315
200.09995	376.6929134
209.1954023	376.6929134
220.03998	376.6929134
229.1354323	375.7480315
240.3298351	377.6377953
250.8245877	378.5826772
260.6196902	379.5275591
269.7151424	381.4173228
279.5102449	384.2519685
290.0049975	386.1417323
299.8001	388.0314961
309.5952024	393.7007874
320.089955	398.4251969
329.1854073	406.4566929
339.6801599	428.6614173
350.8745627	452.2834646
360.6696652	477.7952756
370.1149425	508.976378
379.2103948	523.6220472
390.0549725	548.6614173
399.850075	562.3622047
409.6451774	576.5354331
419.4402799	597.7952756
429.9350325	615.7480315
439.7301349	630.3937008
450.2248876	646.4566929
459.6701649	651.6535433
470.5147426	654.9606299
479.2603698	656.3779528
490.1049475	660.6299213
499.90005	669.1338583
510.0449775	697.9527559
519.84008	730.5511811
529.9850075	800.4724409
540.129935	822.2047244
550.2748626	818.4251969
559.3703148	816.0629921
569.1654173	814.6456693
579.6601699	811.8110236
589.4552724	809.9212598
599.950025	807.5590551

