17.71277709	0.994686806
28.57524284	0.990318723
39.12911582	0.983797418
49.61633873	0.979021065
60.37571415	0.971668744
70.22107098	0.963454278
79.23287671	0.957290133
89.6766127	0.950449792
100.6022615	0.936022493
110.9968618	0.918016468
120.6575342	0.901325479
129.8630137	0.882179676
140.162391	0.856884415
150.629858	0.839444638
161.8873225	0.820423082
172.7497883	0.801723244
183.612254	0.782989894
194.5734695	0.765017271
205.3371856	0.745724266
216.1996513	0.726588769
228.5746849	0.709086214
239.5684184	0.686815532
249.8556413	0.670719492
259.8302547	0.652942254
269.5862017	0.63921944
279.0670984	0.621368322
288.1127771	0.598690141
299.2808966	0.572705851
310.505604	0.53774499
319.8856289	0.513913747
329.4796513	0.490136832
342.2700872	0.457829795
352.3331507	0.439303789
361.5254795	0.420910653
372.1579278	0.394205739
383.8754271	0.374519748
394.8256704	0.354498783
405.3456538	0.335574374
415.3452553	0.318291047
424.6241395	0.301233365
434.5641445	0.284024367
444.6378082	0.268876609
454.0864558	0.254330058
464.7189041	0.240122202
475.4826202	0.228636212
485.2388875	0.221132226
498.2926027	0.21335172
510.2530843	0.204876353
521.0062267	0.198968585
531.8283437	0.197701388
542.7323537	0.196075496
554.2321793	0.194543167
564.7860523	0.193866365
575.6485181	0.193598267
586.5109838	0.192125513
596.8797011	0.191743473

