2.201257862	379.5265781
10.27253669	501.3704319
20.54507338	530.89701
30.45073375	573.1312292
40.35639413	627.3255814
50.99580713	648.255814
60.53459119	661.7109635
70.44025157	672.5498339
81.07966457	681.5199336
91.35220126	693.4800664
100.524109	706.5614618
110.7966457	718.1478405
121.4360587	729.3604651
129.5073375	734.5930233
140.8805031	739.4518272
150.4192872	743.1893688
160.6918239	745.0581395
170.9643606	747.3006645
180.1362683	747.6744186
190.0419287	748.4219269
200.6813417	749.5431894
209.8532495	750.2906977
220.1257862	751.038206
230.0314465	751.4119601
240.3039832	751.7857143
250.5765199	751.7857143
260.115304	752.1594684
270.3878407	752.5332226
279.9266247	752.9069767
290.5660377	753.2807309
299.7379455	752.9069767
310.0104822	752.9069767
321.0167715	752.9069767
329.8218029	753.654485
340.0943396	754.0282392
350.7337526	754.0282392
359.5387841	754.4019934
370.5450734	756.2707641
380.4507338	758.1395349
390.3563941	760.755814
400.2620545	762.9983389
410.1677149	766.7358804
418.9727463	770.4734219
429.9790356	774.2109635
440.2515723	777.2009967
450.1572327	780.5647841
460.4297694	783.5548173
470.3354298	785.423588
479.8742138	789.1611296
490.1467505	801.8687708
500.4192872	819.0614618
509.591195	816.4451827
519.4968553	812.333887
530.5031447	807.4750831
540.408805	804.858804
549.9475891	802.6162791
560.5870021	800
569.3920335	798.1312292
579.6645702	795.141196
590.3039832	792.5249169
599.475891	789.9086379

