0.69582505	280.4075235
10.08946322	280.8777429
20.52683897	284.169279
30.96421471	288.8714734
40.70576541	291.69279
50.79522863	294.5141066
61.5805169	295.9247649
70.62624254	316.1442006
80.36779324	326.4890282
91.15308151	341.0658307
100.1988072	351.8808777
110.6361829	363.1661442
120.7256461	369.2789969
130.4671968	374.4514107
140.9045726	375.3918495
150.6461233	376.3322884
161.083499	376.3322884
171.1729622	376.3322884
180.9145129	376.3322884
191.6998012	376.3322884
200.7455268	376.8025078
210.4870775	377.2727273
220.2286282	377.2727273
230.666004	377.7429467
240.4075547	378.2131661
251.1928429	379.153605
260.2385686	380.0940439
271.0238569	383.3855799
280.417495	385.7366771
291.2027833	397.0219436
300.2485089	404.5454545
309.9900596	421.4733542
320.7753479	435.1097179
330.5168986	448.2758621
339.9105368	470.3761755
350.695825	484.0125392
360.0894632	502.8213166
370.526839	515.5172414
380.9642147	527.7429467
390.3578529	547.9623824
400.0994036	559.7178683
409.4930417	573.354232
419.582505	591.2225705
430.3677932	605.3291536
440.1093439	614.2633229
450.5467197	629.3103448
460.6361829	637.7742947
470.3777336	645.7680251
480.4671968	655.1724138
490.2087475	662.6959248
500.6461233	670.6896552
511.083499	688.0877743
520.1292247	732.7586207
530.2186879	810.3448276
540.6560636	815.0470219
550.3976143	816.9278997
560.4870775	815.5172414
569.8807157	812.6959248
580.3180915	810.815047
590.0596421	808.4639498
600.1491054	806.1128527

