8.19112628	0.998802873
18.43003413	0.992577813
29.35153584	0.987789306
40.27303754	0.980127694
49.82935154	0.969832402
59.38566553	0.960973663
69.96587031	0.95235435
80.20477816	0.94301676
88.73720137	0.935594573
99.31740614	0.92745411
109.8976109	0.9207502
119.7952218	0.914046289
130.0341297	0.907342378
139.5904437	0.900159617
150.1706485	0.894173982
160.0682594	0.888906624
170.6484642	0.885315243
180.5460751	0.881005587
190.1023891	0.875498803
200	0.869992019
209.8976109	0.865921788
220.4778157	0.859457302
230.3754266	0.852992817
240.2730375	0.848922586
249.8293515	0.844852354
260.0682594	0.840782123
269.9658703	0.838148444
280.2047782	0.834796488
290.443686	0.832162809
300	0.829768555
309.8976109	0.828332003
320.1365188	0.827853152
331.7406143	0.825937749
340.6143345	0.825937749
350.1706485	0.8264166
360.4095563	0.8264166
369.2832765	0.825937749
379.5221843	0.825458899
390.443686	0.824980048
400	0.824980048
409.556314	0.825458899

