2.04778157	0.999760575
9.556313993	0.988747007
20.4778157	0.976775738
30.37542662	0.962410215
49.82935154	0.939425379
60.06825939	0.926975259
70.30716724	0.91811652
79.86348123	0.910454908
90.10238908	0.905905826
100.3412969	0.899201915
109.8976109	0.892019154
119.7952218	0.886272945
130.0341297	0.878611333
139.5904437	0.871667997
150.1706485	0.863048683
159.3856655	0.857063049
169.2832765	0.85179569
179.5221843	0.846049481
190.1023891	0.840063847
199.3174061	0.83575419
209.2150171	0.833120511
219.7952218	0.832162809
229.6928328	0.832162809
239.9317406	0.831923384
249.8293515	0.832162809
259.7269625	0.831923384
269.6245734	0.831683958
280.5460751	0.830726257
290.1023891	0.830965682
300.6825939	0.831205108

