1.65975	0.0068	0.0085
3.25035	0.0442	0.0229
4.9101	0.0799	0.0833
6.1895	0.1376	0.1317
7.98755	0.1946	0.1631
9.509	0.2362	0.2039
11.2379	0.2812	0.2226
12.89765	0.3229	0.2787
14.38455	0.3738	0.3407
16.07885	0.4376	0.3789
17.6003	0.4741	0.4231
19.1563	0.5115	0.4605
20.81605	0.5387	0.5038
22.37205	0.5913	0.5353
24.0318	0.6321	0.5667
25.65695	0.6559	0.5947
27.28215	0.6814	0.6236
28.8036	0.7137	0.6525
30.46335	0.7417	0.6933
32.05395	0.7587	0.7094
33.64455	0.7757	0.7383
35.26975	0.7935	0.7579
36.79115	0.8292	0.7782
38.34715	0.8411	0.8054
40.0415	0.8547	0.8258
41.7704	0.8785	0.8343
43.5339	0.8912	0.8547
45.0553	0.9014	0.87
46.7151	0.9235	0.8734
48.2019	0.9312	0.8989
49.68875	0.9346	0.9125
51.31395	0.9397	0.9193
53.0429	0.9601	0.9312
54.63345	0.9669	0.9465
56.15495	0.972	0.9499
57.81465	0.9754	0.9635
59.3361	0.9754	0.9635
61.34165	0.9754	0.9635
62.8285	0.9771	0.9635
64.66115	0.9771	0.9669
66.32085	0.9771	0.9669
68.0498	0.9771	0.9686
69.4329	0.9771	0.9686
71.16185	0.9924	0.9856
72.6487	0.9924	0.9924
74.13555	0.9958	0.9941
75.93365	0.9975	0.9924
77.3859	0.9958	0.9958
78.69985	0.9958	0.9975
80.2213	0.9975	0.9975
81.8119	0.9975	0.9958
83.33335	0.9975	0.9958
84.99305	0.9975	0.9958
86.4454	0.9983	0.9975
88.1051	0.9966	0.9992
89.5574	0.9992	0.9992

