2.073	297.081	297.081
4.146	299.539	299.539
6.2185	299.539	294.624
7.789	297.081	297.081
9.9875	359.754	299.539
11.872	341.321	358.525
14.0075	358.525	373.272
16.0805	375.73	412.596
17.8705	388.018	399.078
19.8805	407.68	410.138
21.9225	406.452	407.68
23.9635	455.607	456.836
25.8795	498.618	487.558
27.8895	523.195	513.364
29.9305	552.688	552.688
32.035	567.435	579.724
33.888	593.241	611.674
35.898	609.217	643.625
37.8455	627.65	687.865
39.824	639.939	741.935
41.7715	652.227	773.886
43.8125	679.263	808.295
45.823	721.045	847.619
47.8645	764.055	943.472
49.8115	810.753	1022.12
51.8215	874.654	1115.515
53.8	933.641	1282.642
55.779	1097.081	1410.445
57.7575	1389.555	1427.65
59.7675	1403.072	1437.481
61.7465	1405.53	1439.939
63.8505	1407.988	1444.854
65.798	1411.674	1454.685
67.7765	1435.023	1508.756
69.6605	1475.576	1587.404
71.765	1525.96	1614.439
73.6495	1539.478	1629.186
75.66	1539.478	1626.728
77.701	1521.045	1626.728
79.6485	1459.601	1567.742
81.7525	1371.121	1473.118
83.7	1288.786	1430.108
		
