0.5025	297.081	299.539
1.8845	343.779	336.406
3.9575	343.779	356.068
5.9675	358.525	407.68
7.915	388.018	592.012
9.9875	623.963	768.971
11.809	1127.803	889.401
13.819	1390.783	972.965
15.766	1403.072	1004.916
18.0275	1420.276	1056.528
19.912	1432.565	1115.515
21.9225	1471.889	1186.79
23.995	1530.876	1235.945
26.005	1528.418	1255.607
27.8265	1572.657	1285.1
29.8365	1599.693	1297.389
31.784	1577.573	1449.77
33.92	1572.657	1378.495
35.7415	1550.538	1403.072
37.814	1540.707	1432.565
40.0125	1535.791	1427.65
41.7085	1545.622	1582.488
44.001	1560.369	1611.982
45.854	1560.369	1634.101
47.8645	1580.031	1648.848
49.8745	1560.369	1614.439
51.7585	1530.876	1594.777
53.8315	1503.84	1575.115
55.873	1447.312	1626.728
57.789	1452.227	1570.2
59.862	1405.53	1577.573
61.809	1380.952	1589.862
63.6305	1371.121	1602.151
65.7035	1452.227	1604.608
67.8075	1349.002	1621.813
69.6295	1308.449	1616.897
71.608	1285.1	1621.813
73.8065	1292.473	1621.813
75.8795	1376.037	1609.524
77.701	1312.135	1582.488
79.8365	1292.473	1435.023
81.7215	1275.269	1462.058
83.857	1258.065	1275.269
85.804	1250.691	1235.945
87.688	1260.522	1235.945
89.667	1250.691	1227.343

