0.1311	0.99631
0.9614	0.99373
2.1413	0.99115
3.05899	0.98857
4.15149	0.98254
5.06919	0.97391
6.11799	0.96874
6.99199	0.95839
8.04079	0.94112
9.04588	0.92731
10.00728	0.9256
11.05608	0.91351
12.10488	0.8997
12.97888	0.89194
14.02768	0.8859
15.07647	0.87037
15.95047	0.85828
17.08667	0.84274
18.04807	0.82634
19.05317	0.81598
20.05827	0.8039
21.01966	0.78663
22.06846	0.77023
23.02986	0.71062
24.07866	0.69249
25.08376	0.67695
26.04516	0.6303
27.13765	0.63378
28.09905	0.61305
29.10415	0.60442
30.06555	0.58716
31.11435	0.56643
32.11945	0.51115
33.03714	0.48092
34.12964	0.46624
35.13474	0.45157
36.09614	0.43257
37.01384	0.41616
38.01894	0.39458
39.02403	0.34015
40.07283	0.33326
41.12163	0.31685
42.08303	0.30131
43.04443	0.29009
44.00583	0.27801
45.05462	0.26593
46.05972	0.25471
47.02112	0.23917
48.02622	0.22622
49.07502	0.21587
50.21122	0.20379
51.08521	0.19689
52.13401	0.18135
53.09541	0.17531
54.10051	0.16496
55.06191	0.16411
56.06701	0.1598
57.0284	0.15636
58.0335	0.15205
59.126	0.1538
60.0874	0.14863

