0.06004	1
1.48038	1
2.67228	1
3.94159	0.99612
5.19364	0.99291
6.27063	0.98753
7.32494	0.98244
8.13747	0.9819
9.07694	0.97815
10.21133	0.97332
11.41665	0.96733
12.34932	0.95941
13.11739	0.93908
14.00012	0.93419
14.89129	0.92139
16.208	0.90229
17.37841	0.88938
18.2745	0.86604
20.09716	0.83061
21.09445	0.77912
22.16976	0.75918
23.37674	0.74218
24.30331	0.72289
25.275	0.70037
26.16377	0.67304
27.21714	0.65461
28.19248	0.6351
29.25205	0.60998
30.28946	0.57992
31.31919	0.55155
32.26452	0.53694
33.08746	0.51501
34.12986	0.48867
35.10741	0.44549
36.27449	0.42761
37.20217	0.42601
38.07998	0.38893
39.18638	0.36461
40.27449	0.34349
41.29195	0.31952
42.24955	0.30779
43.71713	0.27426
44.87299	0.27571
45.54132	0.26891
46.06801	0.24521
47.39098	0.23334
48.471	0.22813
49.83891	0.21786
51.97124	0.19479
54.17307	0.17566
55.99634	0.17029
57.50142	0.17144
58.8867	0.16757
60.07997	0.16631

